0.09962974843946187
0.09781483513003397
0.09776718896490615
0.09776414514717027
0.09776233379612639
0.09776061901195646
0.09775896862963288
0.09775737959124887
0.0977558496941778
0.09775437683039685
0.09775295896210384
0.09775159411954007
0.09775028039894536
0.09774901596057721
0.09774779902649773
0.09774662787938465
0.09774550085976041
0.0977444163652883
0.09774337284803652
0.09774236881341652
0.09774140281845585
0.09774047346987087
0.09773957942277567
0.09773871937927349
0.09773789208653612
0.09773709633586083
0.0977363309606521
0.09773559483571126
0.0977348868754566
0.09773420603282683
0.09773355129790957
0.09773292169691006
0.09773231629046515
0.09773173417328067
0.09773117447234861
0.09773063634594063
0.09773011898298073
0.09772962160166385
0.09772914344824857
0.09772868379681147
0.0977282419474034
0.09772781722596861
0.09772740898308895
0.09772701659279495
0.09772663945252533
0.09772627698162023
0.0977259286209118
0.09772559383194489
0.09772527209619571
0.09772496291418573
0.09772466580515456
0.09772438030631468
0.09772410597184543
0.09772384237290245
0.09772358909629097
0.09772334574470375
0.09772311193548257
0.09772288730047628
0.09772267148533474
0.09772246414908993
0.09772226496357359
0.09772207361316648
0.09772188979403744
0.09772171321405861
0.09772154359196053
0.09772138065730965
0.09772122415006823
0.09772107381994369
0.09772092942615469
0.09772079073732126
0.09772065753070047
0.09772052959232243
0.09772040671622786
0.09772028870436196
0.09772017536639088
0.09772006651915693
0.09771996198677872
0.09771986159991039
0.09771976519597597
0.09771967261851679
0.09771958371712855
0.09771949834732305
0.09771941637002293
0.09771933765183671
0.09771926206430294
0.09771918948405187
0.09771911979246094
0.09771905287565365
0.09771898862394908
0.09771892693216859
0.09771886769915737
0.09771881082760116
0.09771875622417928
0.09771870379912301
0.09771865346615684
0.097718605142451
0.09771855874825758
0.09771851420715892
0.09771847144563048
0.09771843039307394
