0.6036501355639303
0.5795430685774704
0.5582720904653745
0.5390993786779211
0.5218642194798028
0.5062593551042798
0.4921094691473805
0.4792402523826735
0.4675055765503955
0.4567821679205591
0.4469546767833124
0.4379240241607301
0.4296004151738128
0.4219053918008304
0.414770954776795
0.4081379431389102
0.4019556320941139
0.3961798221284324
0.3907721452820701
0.3856988638907072
0.3809302662335176
0.3764400018559688
0.3722046434901417
0.3682032816997143
0.3644172070737237
0.3608296313580362
0.3574254528798291
0.3541910533386518
0.3511141231007256
0.3481835098430769
0.3453890873436015
0.342721641359629
0.3401727701483374
0.3377347975271703
0.335400696709436
0.3331640234180884
0.3310188570083166
0.3289597485196485
0.3269816747379432
0.3250799974819419
0.3232504274421865
0.3214889919956511
0.3197920065002434
0.3181560486418784
0.3165779354650165
0.3150547027671955
0.3135835865803403
0.3121620064978807
0.3107875506376909
0.309457962057541
0.3081711264626736
0.3069250610649208
0.3057179044698775
0.3045479074834712
0.3034134247421332
0.3023129070819501
0.3012448945719389
0.3002080101450882
0.2992009537682505
0.2982224970984955
0.2972714785792568
0.2963467989346367
0.2954474170246677
0.2945723460282417
0.2937206499238738
0.2928914402415173
0.2920838730613777
0.2912971462380675
0.2905304968305741
0.2897831987204546
0.2890545604023227
0.2883439229322574
0.2876506580210825
0.28697416626071
0.2863138754728038
0.285669239170026
0.2850397351209741
0.2844248640107461
0.2838241481897444
0.2832371305040015
0.2826633732008756
0.2821024569044978
0.2815539796558154
0.281017556012518
0.2804928162045217
0.2799794053410287
0.279476982665523
0.2789852208553301
0.2785038053626648
0.2780324337943028
0.2775708153272579
0.2771186701580427
0.2766757289832653
0.276241732509501
0.275816430990517
0.2753995837900858
0.2749909589687355
0.2745903328929249
0.2741974898652187
0.2738122217741685
