3.664696849191607
2.04085738635252
2.040547135459731
2.040537289868362
2.04052750017058
2.04051771079209
2.040507921722617
2.040498132962133
2.040488344510637
2.040478556368118
2.040468768534562
2.040458981009966
2.040449193794317
2.040439406887603
2.040429620289818
2.040419834000948
2.040410048020989
2.04040026234992
2.040390476987752
2.040380691934458
2.040370907190029
2.040361122754458
2.040351338627737
2.040341554809855
2.04033177130081
2.040321988100585
2.04031220520916
2.040302422626543
2.040292640352716
2.040282858387664
2.040273076731393
2.040263295383879
2.040253514345113
2.040243733615094
2.0402339531938
2.040224173081244
2.04021439327739
2.04020461378224
2.040194834595782
2.040185055718008
2.04017527714891
2.040165498888475
2.0401557209367
2.040145943293558
2.040136165959061
2.040126388933184
2.040116612215925
2.040106835807267
2.040097059707209
2.040087283915737
2.040077508432839
2.040067733258512
2.04005795839274
2.04004818383551
2.040038409586828
2.040028635646667
2.040018862015025
2.040009088691892
2.039999315677253
2.03998954297111
2.039979770573437
2.039969998484246
2.039960226703504
2.039950455231213
2.039940684067369
2.039930913211941
2.039921142664952
2.039911372426366
2.039901602496175
2.039891832874383
2.039882063560966
2.039872294555923
2.039862525859248
2.039852757470924
2.039842989390934
2.03983322161929
2.039823454155958
2.039813687000941
2.039803920154239
2.03979415361582
2.039784387385691
2.039774621463832
2.039764855850238
2.039755090544906
2.03974532554781
2.039735560858952
2.039725796478329
2.039716032405908
2.039706268641706
2.039696505185697
2.039686742037873
2.039676979198225
2.039667216666744
2.039657454443427
2.039647692528254
2.039637930921224
2.039628169622316
2.039618408631529
2.039608647948853
2.039598887574272
2.039589127507786
2.039579367749382
2.039569608299039
2.039559849156763
2.039550090322538
2.039540331796356
2.039530573578201
2.039520815668071
2.039511058065945
2.039501300771831
2.039491543785706
2.039481787107566
2.039472030737393
2.039462274675186
2.039452518920932
2.03944276347463
2.039433008336253
2.039423253505806
2.039413498983272
2.039403744768643
2.039393990861912
2.039384237263061
2.039374483972092
2.039364730988978
2.039354978313736
2.039345225946327
2.039335473886762
2.039325722135021
2.039315970691101
2.039306219554991
2.039296468726673
2.039286718206144
2.039276967993395
2.039267218088423
2.039257468491199
2.039247719201732
2.039237970220001
2.039228221545999
2.039218473179719
2.039208725121154
2.039198977370278
2.039189229927107
2.039179482791605
2.039169735963788
2.03915998944363
2.039150243231117
2.039140497326257
2.039130751729016
2.039121006439412
2.039111261457422
2.039101516783026
2.039091772416229
2.039082028357013
2.039072284605377
2.039062541161297
2.039052798024785
2.03904305519581
2.039033312674372
2.039023570460461
2.039013828554075
2.039004086955188
2.038994345663793
2.038984604679894
2.038974864003469
2.038965123634517
2.038955383573008
2.038945643818962
2.038935904372354
2.038926165233169
2.038916426401412
2.038906687877061
2.038896949660105
2.038887211750541
2.038877474148361
2.038867736853552
2.038857999866104
2.038848263186007
2.038838526813252
2.03882879074783
2.038819054989726
2.038809319538934
2.038799584395452
2.038789849559262
2.03878011503035
2.038770380808724
2.038760646894345
2.03875091328723
2.038741179987358
2.038731446994729
2.038721714309315
2.038711981931121
2.038702249860136
2.038692518096342
2.038682786639732
2.038673055490309
2.038663324648049
2.038653594112938
2.038643863884991
2.03863413396417
2.038624404350481
2.038614675043914
2.038604946044451
2.038595217352091
2.038585488966817
2.038575760888626
2.038566033117507
2.038556305653442
2.038546578496435
2.038536851646468
2.038527125103533
2.03851739886762
2.038507672938713
2.03849794731681
2.038488222001908
2.038478496993982
2.038468772293026
2.03845904789904
2.038449323812009
2.038439600031925
2.038429876558765
2.038420153392536
2.03841043053322
2.038400707980814
2.038390985735305
2.038381263796674
2.038371542164922
2.038361820840039
2.038352099822019
2.038342379110832
2.038332658706497
2.038322938608989
2.038313218818293
2.038303499334402
2.038293780157318
2.038284061287023
2.038274342723514
2.038264624466759
2.038254906516771
2.038245188873533
2.038235471537043
2.038225754507275
2.038216037784232
2.038206321367901
2.038196605258273
2.038186889455343
2.038177173959083
2.038167458769502
2.038157743886589
2.038148029310328
2.038138315040712
2.038128601077724
2.038118887421365
2.038109174071624
2.038099461028482
2.038089748291939
2.038080035861985
2.038070323738605
2.03806061192179
2.038050900411533
2.038041189207825
2.038031478310654
2.038021767720009
2.038012057435883
2.038002347458268
2.037992637787155
2.037982928422524
2.037973219364372
2.037963510612699
2.037953802167481
2.03794409402871
2.037934386196384
2.037924678670491
2.037914971451012
2.037905264537958
2.037895557931287
2.037885851631026
2.037876145637139
2.037866439949632
2.037856734568483
2.037847029493688
2.037837324725242
2.037827620263124
2.037817916107334
2.037808212257859
2.037798508714693
2.037788805477813
2.03777910254723
2.037769399922919
2.037759697604874
2.037749995593089
2.037740293887547
2.037730592488252
2.037720891395172
2.037711190608319
2.037701490127677
2.037691789953227
2.037682090084973
2.037672390522894
2.037662691266987
2.037652992317244
2.037643293673644
2.037633595336194
2.03762389730487
2.037614199579672
2.037604502160575
2.037594805047593
2.037585108240705
2.037575411739892
2.037565715545159
2.037556019656483
2.037546324073867
2.037536628797292
2.037526933826755
2.037517239162248
2.037507544803744
2.037497850751255
2.037488157004756
2.03747846356425
2.037468770429717
2.037459077601155
2.037449385078546
2.037439692861887
2.03743000095117
2.037420309346375
2.037410618047502
2.037400927054542
2.037391236367476
2.037381545986304
2.03737185591101
2.037362166141588
2.03735247667803
2.037342787520322
2.037333098668446
2.037323410122414
2.037313721882203
2.037304033947802
2.037294346319205
2.037284658996398
2.037274971979381
2.037265285268139
2.037255598862656
2.037245912762933
2.037236226968948
2.037226541480703
2.037216856298183
2.037207171421375
2.037197486850288
2.037187802584886
2.037178118625174
2.037168434971133
2.037158751622772
2.037149068580066
2.037139385843008
2.037129703411581
2.037120021285797
2.03711033946562
2.037100657951063
2.037090976742104
2.037081295838734
2.037071615240945
2.037061934948733
2.037052254962074
2.037042575280974
2.03703289590542
2.037023216835389
2.037013538070883
2.037003859611899
2.036994181458413
2.036984503610425
2.036974826067919
2.036965148830883
2.036955471899325
2.036945795273212
2.036936118952546
2.036926442937328
2.036916767227526
2.036907091823143
2.036897416724169
2.036887741930592
2.036878067442403
2.036868393259593
2.036858719382152
2.036849045810072
2.036839372543344
2.036829699581952
2.036820026925889
2.03681035457515
2.036800682529724
2.036791010789596
2.036781339354764
2.036771668225206
2.036761997400927
2.036752326881913
2.036742656668153
2.036732986759635
2.036723317156345
2.036713647858291
2.036703978865445
2.036694310177802
2.036684641795357
2.036674973718103
2.036665305946018
2.036655638479101
2.036645971317346
2.036636304460735
2.036626637909261
2.03661697166292
2.036607305721693
2.036597640085577
2.036587974754557
2.036578309728632
2.03656864500778
2.036558980592003
2.03654931648129
2.036539652675625
2.036529989174996
2.036520325979401
2.036510663088837
2.036501000503277
2.036491338222727
2.03648167624716
2.03647201457659
2.036462353210986
2.036452692150343
2.03644303139466
2.036433370943923
2.036423710798121
2.03641405095725
2.036404391421287
2.036394732190232
2.036385073264075
2.036375414642809
2.036365756326418
2.036356098314896
2.03634644060823
2.036336783206417
2.036327126109445
2.036317469317301
2.036307812829971
2.036298156647455
2.036288500769742
2.036278845196819
2.036269189928679
2.036259534965316
2.036249880306703
2.036240225952858
2.036230571903739
2.036220918159362
2.036211264719712
2.036201611584773
2.036191958754539
2.036182306229
2.036172654008145
2.036163002091967
2.036153350480459
2.036143699173606
2.036134048171397
2.036124397473822
2.03611474708089
2.036105096992559
2.036095447208839
2.036085797729732
2.0360761485552
2.036066499685255
2.036056851119878
2.036047202859055
2.036037554902793
2.03602790725107
2.036018259903874
2.036008612861199
2.035998966123043
2.035989319689385
2.035979673560221
2.035970027735549
2.03596038221534
2.035950736999597
2.035941092088311
2.035931447481473
2.035921803179071
2.035912159181092
2.035902515487527
2.035892872098367
2.035883229013614
2.035873586233231
2.035863943757245
2.035854301585622
2.035844659718351
2.035835018155432
2.035825376896851
2.035815735942609
2.035806095292683
2.035796454947056
2.035786814905745
2.035777175168714
2.035767535735974
2.035757896607496
2.03574825778329
2.035738619263338
2.035728981047623
2.035719343136143
2.035709705528889
2.035700068225846
2.035690431227013
2.035680794532381
2.035671158141918
2.035661522055644
2.035651886273537
2.035642250795579
2.035632615621774
2.03562298075211
2.035613346186565
2.035603711925145
2.035594077967828
2.035584444314614
2.035574810965488
2.035565177920443
2.035555545179472
2.035545912742557
2.035536280609699
2.03552664878088
2.03551701725609
2.035507386035328
2.035497755118572
2.035488124505826
2.035478494197077
2.035468864192302
2.03545923449151
2.035449605094681
2.0354399760018
2.035430347212877
2.035420718727877
2.035411090546817
2.035401462669668
2.035391835096422
2.035382207827077
2.035372580861627
2.035362954200049
2.035353327842337
2.035343701788493
2.035334076038494
2.035324450592331
2.035314825450007
2.035305200611499
2.035295576076802
2.035285951845908
2.03527632791881
2.035266704295494
2.035257080975948
2.03524745796017
2.035237835248144
2.035228212839856
2.035218590735303
2.035208968934487
2.03519934743738
2.035189726243977
2.035180105354275
2.035170484768259
2.035160864485921
2.035151244507246
2.035141624832228
2.035132005460865
2.035122386393136
2.03511276762904
2.035103149168565
2.035093531011696
2.035083913158431
2.035074295608752
2.03506467836266
2.035055061420141
2.035045444781174
2.035035828445773
2.035026212413901
2.035016596685574
2.035006981260758
2.034997366139472
2.034987751321687
2.034978136807396
2.034968522596586
2.034958908689255
2.034949295085393
2.034939681784983
2.03493006878803
2.0349204560945
2.034910843704409
2.034901231617731
2.034891619834467
2.034882008354597
2.034872397178122
2.034862786305024
2.034853175735301
2.034843565468935
2.034833955505924
2.03482434584625
2.034814736489906
2.03480512743689
2.03479551868719
2.034785910240791
2.034776302097686
2.034766694257863
2.034757086721322
2.034747479488039
2.034737872558016
2.034728265931237
2.034718659607693
2.034709053587384
2.034699447870284
2.034689842456399
2.034680237345706
2.034670632538204
2.034661028033883
2.034651423832728
2.034641819934731
2.034632216339894
2.034622613048191
2.034613010059622
2.034603407374175
2.034593804991836
2.034584202912604
2.034574601136466
2.034564999663405
2.03455539849343
2.03454579762651
2.034536197062649
2.034526596801825
2.034516996844045
2.034507397189283
2.034497797837552
2.034488198788821
2.034478600043087
2.034469001600336
2.034459403460567
2.03444980562377
2.034440208089929
2.03443061085904
2.034421013931085
2.034411417306062
2.034401820983965
2.034392224964773
2.034382629248495
2.034373033835101
2.034363438724585
2.034353843916949
2.034344249412178
2.034334655210251
2.034325061311181
2.034315467714938
2.034305874421522
2.034296281430922
2.034286688743134
2.034277096358139
2.034267504275918
2.034257912496487
2.034248321019827
2.034238729845923
2.034229138974765
2.034219548406344
2.034209958140662
2.034200368177693
2.034190778517432
2.034181189159881
2.034171600105017
2.034162011352831
2.034152422903326
2.034142834756478
2.034133246912282
2.034123659370738
2.034114072131822
2.03410448519553
2.034094898561853
2.034085312230778
2.034075726202309
2.034066140476422
2.034056555053111
2.034046969932375
2.034037385114182
2.034027800598547
2.034018216385449
2.034008632474882
2.03399904886683
2.033989465561291
2.03397988255825
2.033970299857703
2.033960717459638
2.033951135364044
2.033941553570916
2.033931972080229
2.033922390891991
2.033912810006196
2.033903229422814
2.033893649141853
2.033884069163293
2.033874489487127
2.033864910113352
2.033855331041951
2.033845752272918
2.033836173806239
2.033826595641913
2.033817017779927
2.033807440220259
2.033797862962918
2.033788286007884
2.033778709355154
2.033769133004707
2.033759556956548
2.033749981210657
2.033740405767029
2.033730830625649
2.033721255786525
2.033711681249623
2.033702107014944
2.033692533082488
2.033682959452229
2.033673386124166
2.03366381309829
2.033654240374595
2.033644667953058
2.033635095833679
2.03362552401645
2.033615952501358
2.033606381288395
2.033596810377552
2.033587239768814
2.033577669462181
2.03356809945763
2.033558529755172
2.033548960354782
2.03353939125645
2.033529822460171
2.033520253965934
2.033510685773729
2.033501117883547
2.033491550295379
2.033481983009217
2.033472416025057
2.033462849342865
2.033453282962664
2.033443716884423
2.033434151108146
2.033424585633807
2.033415020461407
2.033405455590936
2.033395891022383
2.033386326755747
2.033376762791005
2.033367199128151
2.033357635767181
2.033348072708079
2.033338509950835
2.033328947495452
2.0333193853419
2.033309823490193
2.033300261940302
2.033290700692231
2.033281139745952
2.033271579101475
2.033262018758787
2.03325245871787
2.033242898978715
2.033233339541331
2.033223780405681
2.033214221571774
2.033204663039595
2.033195104809135
2.033185546880377
2.033175989253333
2.033166431927966
2.033156874904281
2.033147318182274
2.033137761761926
2.033128205643221
2.033118649826173
2.033109094310743
2.033099539096947
2.033089984184762
2.033080429574178
2.033070875265194
2.033061321257789
2.033051767551971
2.0330422141477
2.033032661045005
2.033023108243847
2.033013555744226
2.03300400354614
2.032994451649571
2.03298490005451
2.032975348760943
2.032965797768872
2.032956247078274
2.032946696689153
2.032937146601498
2.032927596815289
2.032918047330524
2.032908498147192
2.032898949265288
2.032889400684793
2.032879852405698
2.032870304428005
2.032860756751697
2.032851209376759
2.032841662303192
2.032832115530981
2.032822569060119
2.032813022890593
2.032803477022397
2.032793931455518
2.03278438618995
2.032774841225675
2.0327652965627
2.032755752201001
2.032746208140573
2.032736664381411
2.032727120923496
2.032717577766825
2.032708034911388
2.032698492357171
2.032688950104175
2.032679408152384
2.032669866501779
2.032660325152366
2.032650784104125
2.032641243357058
2.032631702911141
2.032622162766379
2.032612622922744
2.032603083380251
2.032593544138875
2.0325840051986
2.032574466559425
2.032564928221346
2.03255539018435
2.032545852448423
2.032536315013562
2.032526777879745
2.032517241046969
2.032507704515239
2.03249816828453
2.032488632354834
2.032479096726138
2.032469561398447
2.032460026371733
2.032450491645994
2.032440957221228
2.032431423097425
2.032421889274564
2.032412355752643
2.03240282253165
2.032393289611575
2.03238375699241
2.032374224674145
2.032364692656774
2.032355160940282
2.032345629524665
2.032336098409911
2.032326567596007
2.03231703708295
2.032307506870723
2.032297976959321
2.032288447348744
2.032278918038962
2.032269389029976
2.032259860321782
2.032250331914362
2.032240803807714
2.032231276001816
2.032221748496665
2.032212221292269
2.032202694388589
2.032193167785633
2.032183641483384
2.032174115481842
2.032164589780991
2.032155064380824
2.032145539281323
2.032136014482488
2.032126489984316
2.032116965786771
2.03210744188987
2.032097918293596
2.032088394997936
2.032078872002885
2.032069349308419
2.032059826914558
2.032050304821263
2.03204078302854
2.03203126153637
2.032021740344759
2.032012219453682
2.032002698863138
2.031993178573116
2.0319836585836
2.031974138894585
2.031964619506068
2.031955100418041
2.031945581630477
2.031936063143374
2.031926544956733
2.031917027070535
2.031907509484767
2.031897992199438
2.031888475214513
2.031878958530003
2.031869442145884
2.031859926062158
2.031850410278811
2.03184089479583
2.031831379613214
2.031821864730939
2.031812350149011
2.031802835867414
2.031793321886135
2.031783808205172
2.031774294824506
2.031764781744146
2.031755268964055
2.031745756484252
2.031736244304704
2.031726732425418
2.031717220846375
2.031707709567569
2.031698198588987
2.03168868791063
2.03167917753247
2.031669667454518
2.031660157676751
2.031650648199161
2.031641139021743
2.03163163014449
2.031622121567388
2.03161261329042
2.031603105313589
2.031593597636883
2.031584090260282
2.031574583183797
2.031565076407403
2.031555569931088
2.03154606375485
2.031536557878685
2.031527052302567
2.031517547026493
2.031508042050465
2.031498537374466
2.031489032998482
2.031479528922506
2.031470025146533
2.031460521670548
2.03145101849454
2.031441515618512
2.031432013042439
2.031422510766323
2.031413008790151
2.031403507113907
2.031394005737586
2.031384504661177
2.031375003884685
2.031365503408076
2.031356003231358
2.031346503354522
2.031337003777546
2.031327504500431
2.031318005523164
2.031308506845733
2.031299008468136
2.031289510390355
2.031280012612379
2.031270515134209
2.031261017955835
2.031251521077238
2.031242024498413
2.031232528219356
2.031223032240043
2.031213536560484
2.031204041180659
2.031194546100554
2.031185051320163
2.031175556839481
2.031166062658495
2.031156568777196
2.031147075195581
2.031137581913629
2.031128088931329
2.03111859624869
2.031109103865686
2.031099611782317
2.031090119998559
2.031080628514423
2.031071137329887
2.03106164644494
2.031052155859574
2.031042665573786
2.031033175587565
2.031023685900899
2.03101419651377
2.031004707426189
2.030995218638128
2.030985730149576
2.030976241960543
2.030966754071005
2.030957266480955
2.030947779190388
2.030938292199284
