109
73
98
112
66
167
86
111
79
88
96
91
96
47
96
108
59
48
92
67
66
166
64
22
43
31
104
88
64
60
88
53
91
86
79
104
112
62
151
76
122
51
97
51
126
112
50
53
101
82
60
165
93
74
98
151
91
59
68
81
159
67
65
132
40
106
175
45
91
30
29
72
114
58
44
21
48
80
61
68
82
27
47
22
71
46
57
70
68
194
63
104
130
202
20
133
193
139
119
105
107
158
86
88
103
102
148
25
164
80
94
133
68
127
87
66
31
43
83
138
121
61
60
139
120
83
120
80
39
145
187
116
77
102
69
110
117
84
147
123
111
57
50
121
136
172
87
79
111
72
77
79
89
112
55
141
90
173
153
166
76
75
29
52
177
112
161
133
97
103
118
78
65
154
119
101
79
46
117
135
67
54
102
124
40
66
103
103
90
106
102
92
24
90
82
133
96
63
58
48
174
101
59
110
126
111
22
39
118
79
119
104
29
142
115
23
81
175
121
70
216
88
78
81
105
132
98
49
111
180
46
58
138
26
74
98
113
154
145
128
118
22
36
85
185
62
88
129
105
40
44
36
32
146
115
49
95
148
54
80
139
55
80
133
21
45
114
34
112
73
131
41
78
180
109
133
118
85
156
42
92
88
91
145
115
58
151
41
41
171
58
103
144
104
79
53
84
115
79
39
98
131
109
118
57
32
150
196
85
64
37
76
177
64
58
42
181
95
40
97
103
100
73
91
104
129
65
51
130
58
75
76
67
28
132
86
64
135
78
36
103
110
46
20
119
75
152
78
24
98
88
57
115
138
159
20
96
79
101
141
71
114
127
163
33
133
117
119
108
101
52
41
113
110
132
145
97
32
54
150
72
165
62
55
70
106
77
56
93
37
136
73
129
175
110
85
144
40
33
75
71
100
96
104
126
44
106
164
44
110
48
75
88
86
104
83
70
111
183
131
191
78
39
77
57
85
52
133
146
55
83
151
141
140
24
61
78
152
90
122
75
82
125
123
86
73
66
105
151
85
73
106
81
146
71
92
188
93
123
39
111
71
65
112
95
112
111
184
83
55
112
116
101
75
66
154
118
78
130
64
145
86
152
101
78
68
57
126
75
138
102
31
92
91
154
157
51
36
76
40
97
88
69
107
112
121
118
67
167
117
126
65
75
48
132
41
104
84
86
49
117
20
36
119
22
89
102
93
80
108
23
88
116
53
90
101
170
121
53
133
64
119
152
205
39
85
160
98
117
59
64
108
124
189
35
105
85
69
80
78
87
36
66
125
125
85
88
75
123
127
89
114
106
104
39
82
67
58
87
57
181
50
71
213
92
47
68
165
43
135
72
108
80
131
23
89
92
139
57
73
86
108
47
114
92
68
49
66
59
88
181
95
60
114
70
60
77
54
50
69
128
50
51
66
38
61
107
141
172
51
150
33
108
113
101
59
58
59
83
78
129
146
57
51
115
111
132
66
126
182
125
81
159
28
105
64
86
101
37
120
135
175
95
117
73
24
83
161
39
110
115
109
135
147
83
49
170
94
93
162
62
91
135
72
144
130
81
69
120
45
154
90
91
116
85
66
90
187
199
129
85
81
102
132
157
58
86
45
148
71
88
99
94
58
27
49
53
69
118
55
166
82
85
130
63
109
65
88
146
120
70
85
51
34
105
132
60
92
120
77
112
180
119
141
65
63
135
122
85
49
116
121
31
100
95
48
109
45
218
158
95
108
102
133
67
118
78
143
62
45
29
26
67
131
48
83
133
67
106
67
41
116
130
90
21
46
71
99
56
77
95
40
128
102
104
54
101
106
56
94
71
35
88
177
24
77
80
120
87
109
22
33
38
94
129
79
44
54
124
187
89
88
75
123
34
38
140
117
29
69
66
80
56
37
93
170
102
98
106
47
91
87
121
136
94
132
151
119
95
27
98
84
47
70
72
66
90
90
26
63
96
22
105
119
102
43
71
53
70
36
21
50
111
49
89
205
74
59
74
68
190
45
35
116
47
138
114
152
45
46
91
95
150
71
97
32
77
68
86
98
61
91
95
29
96
149
