144
95
130
148
89
217
116
146
104
119
129
121
128
65
126
143
80
63
124
90
88
220
85
32
56
40
140
114
84
81
115
73
122
116
105
135
148
84
197
100
161
66
128
69
165
145
68
71
133
111
79
216
123
96
129
195
119
76
89
104
210
87
88
174
53
140
229
63
119
38
39
94
153
78
57
32
62
103
82
88
109
39
64
29
95
60
75
93
93
256
83
138
170
266
30
174
255
183
157
137
141
207
111
115
136
137
191
35
216
104
127
178
88
168
115
88
43
60
106
183
160
79
81
185
159
110
158
104
51
192
246
152
104
137
88
142
152
113
196
161
144
76
69
157
181
227
113
106
145
97
101
103
121
150
74
187
119
228
200
215
101
98
41
68
232
144
210
177
129
133
156
104
89
203
156
132
103
61
152
177
87
70
132
164
52
84
134
133
118
142
134
119
30
117
110
172
129
83
78
66
229
132
78
144
165
146
28
51
153
107
157
137
42
188
149
33
108
228
159
93
282
119
103
109
138
165
131
66
144
238
59
76
180
37
98
129
149
201
190
166
158
32
47
112
244
79
119
168
139
56
61
51
42
190
150
68
128
195
70
106
180
76
104
178
26
60
152
46
145
99
170
56
100
234
142
172
158
112
207
59
124
115
120
189
153
78
199
57
54
227
78
134
189
136
106
70
110
153
105
49
126
171
143
154
75
46
194
258
115
86
53
98
230
88
80
56
239
128
54
131
138
131
96
122
136
168
89
65
170
78
97
101
86
40
173
113
84
178
105
46
133
145
60
29
156
98
198
102
33
131
115
74
152
185
207
25
126
104
135
183
92
147
168
215
43
177
151
159
143
134
71
57
146
146
176
191
127
40
69
197
95
218
82
76
94
139
104
76
119
47
178
98
172
228
142
114
186
56
44
97
95
131
127
139
167
61
137
212
59
145
66
99
118
113
135
109
93
146
238
172
251
100
54
102
78
112
67
176
195
75
113
196
184
186
33
80
103
202
120
162
97
111
167
162
111
98
86
136
198
109
95
137
119
191
97
120
245
123
162
55
148
96
87
150
125
145
144
241
112
73
149
155
132
99
89
201
155
105
170
84
189
113
200
135
102
93
75
163
98
182
138
43
125
119
202
204
70
45
101
52
129
118
94
142
144
160
158
86
220
154
164
88
102
66
170
54
137
114
112
63
154
30
46
159
29
115
133
120
104
144
29
114
152
69
116
131
220
161
71
175
88
157
201
271
51
115
210
130
153
79
85
141
162
245
49
137
112
92
107
101
117
48
90
165
166
114
115
100
165
167
120
152
137
136
54
112
88
74
117
74
235
68
96
277
123
61
91
216
58
176
98
146
108
171
35
117
119
184
75
97
113
142
63
148
123
92
64
87
77
116
234
126
78
151
92
80
103
72
67
91
171
68
71
86
52
81
142
188
228
68
194
47
140
150
132
78
79
76
112
105
168
191
73
69
153
147
174
89
165
238
165
107
209
37
140
86
111
133
52
156
175
228
125
155
95
33
110
213
54
144
148
143
177
192
111
64
224
122
120
210
84
122
177
98
189
171
107
95
161
58
199
116
117
153
114
86
118
243
261
170
110
106
136
173
204
76
111
60
192
95
114
133
127
75
36
66
72
91
154
75
220
111
113
170
83
141
85
116
191
156
90
115
71
47
140
175
79
120
158
100
147
236
157
183
83
86
177
160
111
66
152
161
45
132
125
67
145
63
285
207
126
143
131
175
87
153
103
189
84
61
38
36
91
169
61
110
176
87
140
86
55
153
174
118
32
62
91
128
77
103
125
57
167
132
139
71
134
141
73
124
92
46
113
230
34
102
105
157
117
141
29
44
53
126
167
105
58
73
161
242
118
113
97
159
44
48
184
155
42
90
90
109
75
52
122
220
135
130
138
66
121
117
158
179
123
173
196
157
125
39
132
108
64
93
95
90
117
120
35
83
127
33
138
156
134
58
94
73
94
50
30
68
146
65
114
268
98
80
97
90
249
59
49
155
65
180
149
201
57
62
120
127
199
94
131
44
101
87
116
127
78
118
127
40
123
193
